-2.000000000000000042e-02 0.000000000000000000e+00
-1.600060000000000024e-02 1.000000000000000000e+00
-1.200120000000000006e-02 1.000000000000000000e+00
-8.001799999999999885e-03 1.000000000000000000e+00
-4.002399999999999708e-03 1.000000000000000000e+00
-2.999999999999530820e-06 9.999999999998435696e-01
-1.999999999998530731e-06 6.666666666661769103e-01
-9.999999999975306419e-07 3.333333333325101955e-01
0.000000000000000000e+00 -0.000000000000000000e+00
1.000000000004469536e-06 0.000000000000000000e+00
2.000000000005469625e-06 0.000000000000000000e+00
3.000000000006469714e-06 0.000000000000000000e+00
4.000000000007469803e-06 0.000000000000000000e+00
5.000000000008469891e-06 0.000000000000000000e+00
6.000000000009469980e-06 0.000000000000000000e+00
7.000000000010470069e-06 0.000000000000000000e+00
8.000000000011470158e-06 0.000000000000000000e+00
9.000000000012470247e-06 0.000000000000000000e+00
1.000000000001347034e-05 0.000000000000000000e+00
1.300000000001300116e-05 0.000000000000000000e+00
1.600000000001253198e-05 0.000000000000000000e+00
1.900000000001206280e-05 0.000000000000000000e+00
2.200000000001159361e-05 0.000000000000000000e+00
2.500000000001112443e-05 0.000000000000000000e+00
3.500000000001071698e-05 0.000000000000000000e+00
4.500000000001030953e-05 0.000000000000000000e+00
5.500000000000990208e-05 0.000000000000000000e+00
6.500000000000949463e-05 0.000000000000000000e+00
7.500000000000908718e-05 0.000000000000000000e+00
1.050000000000078648e-04 0.000000000000000000e+00
1.350000000000066425e-04 0.000000000000000000e+00
1.650000000000054201e-04 0.000000000000000000e+00
1.950000000000041978e-04 0.000000000000000000e+00
2.250000000000029754e-04 0.000000000000000000e+00
3.250000000000023703e-04 0.000000000000000000e+00
4.250000000000017653e-04 0.000000000000000000e+00
5.250000000000011602e-04 0.000000000000000000e+00
6.250000000000005551e-04 0.000000000000000000e+00
7.249999999999999500e-04 0.000000000000000000e+00
1.025000000000001604e-03 0.000000000000000000e+00
1.325000000000003259e-03 0.000000000000000000e+00
1.625000000000004913e-03 0.000000000000000000e+00
1.925000000000006567e-03 0.000000000000000000e+00
2.225000000000008221e-03 0.000000000000000000e+00
3.225000000000009109e-03 0.000000000000000000e+00
4.225000000000009998e-03 0.000000000000000000e+00
5.225000000000010886e-03 0.000000000000000000e+00
6.225000000000011774e-03 0.000000000000000000e+00
7.225000000000012662e-03 0.000000000000000000e+00
8.225000000000013550e-03 0.000000000000000000e+00
9.225000000000014438e-03 0.000000000000000000e+00
1.022500000000001533e-02 0.000000000000000000e+00
1.122500000000001621e-02 0.000000000000000000e+00
1.222500000000001710e-02 0.000000000000000000e+00
